package app.shadowfight.patches.hardcode

object HardcodeSoBytes {
    fun getAll(): List<ByteArray> = listOf(part1(), part2(), part3(), part4(), part5())

    fun part1(): ByteArray = byteArrayOf(127,69,76,70,2,1,1,0,0,0,0,0,0,0,0,0,3,0,183,0,1,0,0,0,0,0,0,0,0,0,0,0,64,0,0,0,0,0,0,0,120,43,0,0,0,0,0,0,0,0,0,0,64,0,56,0,9,0,64,0,25,0,23,0,6,0,0,0,4,0,0,0,64,0,0,0,0,0,0,0,64,0,0,0,0,0,0,0,64,0,0,0,0,0,0,0,248,1,0,0,0,0,0,0,248,1,0,0,0,0,0,0,8,0,0,0,0,0,0,0,1,0,0,0,5,0,0,0,0,0,0,0,0,0,0,0,0,0,0,0,0,0,0,0,0,0,0,0,0,0,0,0,160,30,0,0,0,0,0,0,160,30,0,0,0,0,0,0,0,64,0,0,0,0,0,0,1,0,0,0,6,0,0,0,160,30,0,0,0,0,0,0,160,94,0,0,0,0,0,0,160,94,0,0,0,0,0,0,160,2,0,0,0,0,0,0,96,17,0,0,0,0,0,0,0,64,0,0,0,0,0,0,1,0,0,0,6,0,0,0,64,33,0,0,0,0,0,0,64,161,0,0,0,0,0,0,64,161,0,0,0,0,0,0,0,0,0,0,0,0,0,0,88,0,0,0,0,0,0,0,0,64,0,0,0,0,0,0,2,0,0,0,6,0,0,0,192,30,0,0,0,0,0,0,192,94,0,0,0,0,0,0,192,94,0,0,0,0,0,0,192,1,0,0,0,0,0,0,192,1,0,0,0,0,0,0,8,0,0,0,0,0,0,0,82,229,116,100,4,0,0,0,160,30,0,0,0,0,0,0,160,94,0,0,0,0,0,0,160,94,0,0,0,0,0,0,160,2,0,0,0,0,0,0,96,17,0,0,0,0,0,0,1,0,0,0,0,0,0,0,80,229,116,100,4,0,0,0,152,13,0,0,0,0,0,0,152,13,0,0,0,0,0,0,152,13,0,0,0,0,0,0,84,0,0,0,0,0,0,0,84,0,0,0,0,0,0,0,4,0,0,0,0,0,0,0,81,229,116,100,6,0,0,0,0,0,0,0,0,0,0,0,0,0,0,0,0,0,0,0,0,0,0,0,0,0,0,0,0,0,0,0,0,0,0,0,0,0,0,0,0,0,0,0,0,0,0,0,0,0,0,0,4,0,0,0,4,0,0,0,56,2,0,0,0,0,0,0,56,2,0,0,0,0,0,0,56,2,0,0,0,0,0,0,152,0,0,0,0,0,0,0,152,0,0,0,0,0,0,0,4,0,0,0,0,0,0,0,8,0,0,0,132,0,0,0,1,0,0,0,65,110,100,114,111,105,100,0,24,0,0,0,114,50,57,0,0,0,0,0,0,0,0,0,0,0,0,0,0,0,0,0,0,0,0,0,0,0,0,0,0,0,0,0,0,0,0,0,0,0,0,0,0,0,0,0,0,0,0,0,0,0,0,0,0,0,0,0,0,0,0,0,0,0,0,0,49,52,50,48,54,56,54,53,0,0,0,0,0,0,0,0,0,0,0,0,0,0,0,0,0,0,0,0,0,0,0,0,0,0,0,0,0,0,0,0,0,0,0,0,0,0,0,0,0,0,0,0,0,0,0,0,0,0,0,0,0,0,0,0,0,0,0,0,0,0,0,0,0,0,0,0,0,0,0,0,0,0,0,0,0,0,0,0,1,0,0,0,18,0,0,0,0,0,0,0,0,0,0,0,0,0,0,0,0,0,0,0,16,0,0,0,18,0,0,0,0,0,0,0,0,0,0,0,0,0,0,0,0,0,0,0,29,0,0,0,18,0,0,0,0,0,0,0,0,0,0,0,0,0,0,0,0,0,0,0,47,0,0,0,18,0,0,0,0,0,0,0,0,0,0,0,0,0,0,0,0,0,0,0,53,0,0,0,18,0,0,0,0,0,0,0,0,0,0,0,0,0,0,0,0,0,0,0,59,0,0,0,18,0,0,0,0,0,0,0,0,0,0,0,0,0,0,0,0,0,0,0,66,0,0,0,18,0,0,0,0,0,0,0,0,0,0,0,0,0,0,0,0,0,0,0,73,0,0,0,18,0,0,0,0,0,0,0,0,0,0,0,0,0,0,0,0,0,0,0,88,0,0,0,18,0,0,0,0,0,0,0,0,0,0,0,0,0,0,0,0,0,0,0,103,0,0,0,18,0,0,0,0,0,0,0,0,0,0,0,0,0,0,0,0,0,0,0,124,0,0,0,18,0,0,0,0,0,0,0,0,0,0,0,0,0,0,0,0,0,0,0,143,0,0,0,18,0,0,0,0,0,0,0,0,0,0,0,0,0,0,0,0,0,0,0,152,0,0,0,18,0,0,0,0,0,0,0,0,0,0,0,0,0,0,0,0,0,0,0,158,0,0,0,18,0,0,0,0,0,0,0,0,0,0,0,0,0,0,0,0,0,0,0,179,0,0,0,18,0,0,0,0,0,0,0,0,0,0,0,0,0,0,0,0,0,0,0,185,0,0,0,18,0,0,0,0,0,0,0,0,0,0,0,0,0,0,0,0,0,0,0,192,0,0,0,18,0,0,0,0,0,0,0,0,0,0,0,0,0,0,0,0,0,0,0,198,0,0,0,18,0,0,0,0,0,0,0,0,0,0,0,0,0,0,0,0,0,0,0,204,0,0,0,18,0,0,0,0,0,0,0,0,0,0,0,0,0,0,0,0,0,0,0,211,0,0,0,18,0,0,0,0,0,0,0,0,0,0,0,0,0,0,0,0,0,0,0,218,0,0,0,18,0,0,0,0,0,0,0,0,0,0,0,0,0,0,0,0,0,0,0,0,0,2,0,2,0,2,0,2,0,2,0,2,0,2,0,2,0,2,0,3,0,2,0,2,0,2,0,2,0,2,0,4,0,4,0,2,0,2,0,2,0,2,0,1,0,1,0,225,0,0,0,48,0,0,0,16,0,0,0,1,0,1,0,242,0,0,0,48,0,0,0,16,0,0,0,1,0,1,0,0,1,0,0,48,0,0,0,0,0,0,0,55,113,13,5,0,0,3,0,235,0,0,0,0,0,0,0,99,13,5,0,0,0,4,0,251,0,0,0,0,0,0,0,99,13,5,0,0,0,2,0,251,0,0,0,0,0,0,0,0,0,0,0,1,0,0,0,22,0,0,0,1,0,0,0,26,0,0,0,0,0,0,0,0,0,0,0,0,0,0,0,0,95,95,99,120,97,95,102,105,110,97,108,105,122,101,0,95,95,99,120,97,95,97,116,101,120,105,116,0,95,95,114,101,103,105,115,116,101,114,95,97,116,102,111,114,107,0,109,107,100,105,114,0,102,111,112,101,110,0,102,119,114,105,116,101,0,102,102,108,117,115,104,0,112,116,104,114,101,97,100,95,99,114,101,97,116,101,0,112,116,104,114,101,97,100,95,100,101,116,97,99,104,0,95,95,97,110,100,114,111,105,100,95,108,111,103,95,118,112,114,105,110,116,0,112,116,104,114,101,97,100,95,109,117,116,101,120,95,108,111,99,107,0,118,102,112,114,105,110,116,102,0,102,112,117,116,99,0,112,116,104,114,101,97,100,95,109,117,116,101,120,95,117,110,108,111,99,107,0,115,108,101,101,112,0,100,108,111,112,101,110,0,100,108,115,121,109,0,102,103,101,116,115,0,115,115,99,97,110,102,0,115,116,114,115,116,114,0,102,99,108,111,115,101,0,108,105,98,108,111,103,46,115,111,0,76,73,66,76,79,71,0,108,105,98,100,108,46,115,111,0,76,73,66,67,0,108,105,98,99,46,115,111,0,47,100,97,116,97,47,100,97,116,97,47,99,111,109,46,116,101,114,109,117,120,47,102,105,108,101,115,47,117,115,114,47,98,105,110,47,46,46,47,46,46,47,117,115,114,47,108,105,98,0,108,105,98,97,110,100,114,111,105,100,46,115,111,0,0,0,0,0,160,94,0,0,0,0,0,0,3,4,0,0,0,0,0,0,160,94,0,0,0,0,0,0,168,94,0,0,0,0,0,0,3,4,0,0,0,0,0,0,72,15,0,0,0,0,0,0,176,94,0,0,0,0,0,0,3,4,0,0,0,0,0,0,48,15,0,0,0,0,0,0,184,94,0,0,0,0,0,0,3,4,0,0,0,0,0,0,144,15,0,0,0,0,0,0,152,96,0,0,0,0,0,0,2,4,0,0,1,0,0,0,0,0,0,0,0,0,0,0,160,96,0,0,0,0,0,0,2,4,0,0,2,0,0,0,0,0,0,0,0,0,0,0,168,96,0,0,0,0,0,0,2,4,0,0,3,0,0,0,0,0,0,0,0,0,0,0,176,96,0,0,0,0,0,0,2,4,0,0,4,0,0,0,0,0,0,0,0,0,0,0,184,96,0,0,0,0,0,0,2,4,0,0,5,0,0,0,0,0,0,0,0,0,0,0,192,96,0,0,0,0,0,0,2,4,0,0,6,0,0,0,0,0,0,0,0,0,0,0,200,96,0,0,0,0,0,0,2,4,0,0,7,0,0,0,0,0,0,0,0,0,0,0,208,96,0,0,0,0,0,0,2,4,0,0,8,0,0,0,0,0,0,0,0,0,0,0,216,96,0,0,0,0,0,0,2,4,0,0,9,0,0,0,0,0,0,0,0,0,0,0,224,96,0,0,0,0,0,0,2,4,0,0,10,0,0,0,0,0,0,0,0,0,0,0,232,96,0,0,0,0,0,0,2,4,0,0,11,0,0,0,0,0,0,0,0,0,0,0,240,96,0,0,0,0,0,0,2,4,0,0,12,0,0,0,0,0,0,0,0,0,0,0,248,96,0,0,0,0,0,0,2,4,0,0,13,0,0,0,0,0,0,0,0,0,0,0,0,97,0,0,0,0,0,0,2,4,0,0,14,0,0,0,0,0,0,0,0,0,0,0,8,97,0,0,0,0,0,0,2,4,0,0,15,0,0,0,0,0,0,0,0,0,0,0,16,97,0,0,0,0,0,0,2,4,0,0,16,0,0,0,0,0,0,0,0,0,0,0,24,97,0,0,0,0,0,0,2,4,0,0,17,0,0,0,0,0,0,0,0,0,0,0,32,97,0,0,0,0,0,0,2,4,0,0,18,0,0,0,0,0,0,0,0,0,0,0,40,97,0,0,0,0,0,0,2,4,0,0,19,0,0,0,0,0,0,0,0,0,0,0,48,97,0,0,0,0,0,0,2,4,0,0,20,0,0,0,0,0,0,0,0,0,0,0,56,97,0,0,0,0,0,0,2,4,0,0,21,0,0,0,0,0,0,0,0,0,0,0,47,115,100,99,97,114,100,47,68,111,119,110,108,111,97,100,47,115,104,97,100,111,119,104,97,114,100,99,111,100,101,45,108,111,103,46,116,120,116,0,78,76,80,32,110,117,108,108,0,105,108,50,99,112,112,95,100,111,109,97,105,110,95,103,101,116,95,97,115,115,101,109,98,108,105,101,115,0,47,112,114,111,99,47,115,101,108,102,47,109,97,112,115,0,100,108,111,112,101,110,32,102,97,105,108,0,61,61,61,32,83,67,65,78,32,69,78,68,32,61,61,61,0,80,74,75,91,37,100,93,32,64,32,37,112,58,0,47,115,100,99,97,114,100,47,68,111,119,110,108,111,97,100,0,45,45,45,32,80,104,97,115,101,32,49,58,32,80,74,75,32,79,98,115,99,117,114,101,100,73,110,116,32,40,101,120,97,99,116,32,111,102,102,115)
    fun part2(): ByteArray = byteArrayOf(101,116,115,41,32,45,45,45,0,65,77,74,77,71,70,67,67,65,75,78,0,67,66,68,77,70,70,77,67,74,66,75,0,0,105,108,50,99,112,112,95,97,115,115,101,109,98,108,121,95,103,101,116,95,105,109,97,103,101,0,65,80,73,32,79,75,0,32,32,33,33,33,32,67,79,73,78,83,61,49,51,50,32,70,79,85,78,68,32,33,33,33,0,78,76,80,74,76,72,79,69,65,79,69,0,73,71,70,71,68,68,65,78,69,80,69,0,66,70,66,61,37,112,32,65,77,74,61,37,112,32,73,71,70,71,61,37,112,32,80,74,75,61,37,112,0,105,108,50,99,112,112,95,99,108,97,115,115,95,103,101,116,95,102,105,101,108,100,95,102,114,111,109,95,110,97,109,101,0,32,32,33,33,33,32,87,65,76,76,69,84,32,70,79,85,78,68,32,45,32,100,117,109,112,32,114,97,119,32,48,120,49,48,45,48,120,50,54,48,32,33,33,33,0,45,45,45,32,80,104,97,115,101,32,50,58,32,78,76,80,91,48,120,56,48,93,32,105,116,101,109,115,32,119,105,116,104,32,80,74,75,32,114,101,102,32,45,45,45,0,66,70,66,32,116,111,116,97,108,58,32,37,100,0,61,61,61,32,83,67,65,78,32,69,78,68,32,118,50,49,32,61,61,61,0,32,32,32,32,33,33,33,32,77,65,84,67,72,32,33,33,33,0,37,108,120,45,37,108,120,0,65,80,73,32,102,97,105,108,0,105,108,50,99,112,112,95,102,105,101,108,100,95,103,101,116,95,111,102,102,115,101,116,0,32,32,73,116,101,109,91,37,100,93,32,80,74,75,32,64,32,37,112,58,32,91,48,120,49,49,67,93,61,37,100,32,91,48,120,49,51,52,93,61,37,100,32,91,48,120,49,70,56,93,61,37,100,32,91,48,120,50,49,67,93,61,37,100,32,91,48,120,50,50,67,93,61,37,100,32,91,48,120,50,51,67,93,61,37,100,0,105,108,50,99,112,112,95,99,108,97,115,115,95,102,114,111,109,95,110,97,109,101,0,32,32,91,48,120,50,49,67,93,61,37,100,32,91,48,120,50,50,67,93,61,37,100,32,91,48,120,50,51,67,93,61,37,100,0,105,108,50,99,112,112,95,100,111,109,97,105,110,95,103,101,116,0,66,70,66,79,78,75,80,75,66,78,76,0,76,105,115,116,56,48,32,99,111,117,110,116,61,37,100,0,108,105,98,105,108,50,99,112,112,46,115,111,0,32,32,91,48,120,49,49,67,93,61,37,100,32,91,48,120,49,51,52,93,61,37,100,32,91,48,120,49,70,56,93,61,37,100,0,32,32,33,33,33,32,71,69,77,83,61,57,32,70,79,85,78,68,32,33,33,33,0,114,0,66,70,66,91,37,100,93,32,64,32,48,120,37,108,120,58,32,91,48,120,49,48,93,61,37,100,32,91,48,120,50,48,93,61,37,100,32,91,48,120,51,48,93,61,37,100,0,80,74,75,72,65,74,75,69,72,69,76,0,78,76,80,32,64,32,37,112,0,45,45,45,32,80,104,97,115,101,32,51,58,32,66,70,66,32,97,108,108,32,118,97,108,117,101,115,32,45,45,45,0,114,119,0,80,74,75,32,108,105,115,116,32,99,111,117,110,116,61,37,100,0,32,32,114,97,119,32,91,48,120,49,49,67,93,32,107,61,37,100,32,104,61,37,100,32,32,91,48,120,49,51,52,93,32,107,61,37,100,32,104,61,37,100,0,61,61,61,32,83,72,65,68,79,87,32,72,65,82,68,67,79,68,69,32,83,67,65,78,32,61,61,61,10,0,108,105,98,83,104,97,100,111,119,72,97,114,100,99,111,100,101,46,115,111,32,108,111,97,100,101,100,32,40,118,50,49,41,0,119,0,83,104,97,100,111,119,72,97,114,100,99,111,100,101,0,61,61,61,32,83,67,65,78,32,83,84,65,82,84,32,118,50,49,32,61,61,61,0,105,108,50,99,112,112,95,99,108,97,115,115,95,103,101,116,95,115,116,97,116,105,99,95,102,105,101,108,100,95,100,97,116,97,0,0,0,0,1,27,3,59,84,0,0,0,9,0,0,0,152,1,0,0,108,0,0,0,168,1,0,0,128,0,0,0,176,1,0,0,148,0,0,0,184,1,0,0,168,0,0,0,204,1,0,0,188,0,0,0,232,1,0,0,208,0,0,0,248,1,0,0,232,0,0,0,140,2,0,0,20,1,0,0,108,3,0,0,72,1,0,0,0,0,0,0,16,0,0,0,0,0,0,0,1,122,82,0,1,124,30,1,27,12,31,0,16,0,0,0,24,0,0,0,36,1,0,0,16,0,0,0,0,0,0,0,16,0,0,0,44,0,0,0,32,1,0,0,8,0,0,0,0,0,0,0,16,0,0,0,64,0,0,0,20,1,0,0,8,0,0,0,0,0,0,0,16,0,0,0,84,0,0,0,8,1,0,0,20,0,0,0,0,0,0,0,16,0,0,0,104,0,0,0,8,1,0,0,28,0,0,0,0,0,0,0,20,0,0,0,124,0,0,0,16,1,0,0,16,0,0,0,0,0,0,0,0,0,0,0,40,0,0,0,148,0,0,0,8,1,0,0,148,0,0,0,0,68,14,32,72,12,29,32,147,4,158,6,157,8,2,124,12,31,32,72,14,0,211,222,221,0,0,0,48,0,0,0,192,0,0,0,112,1,0,0,224,0,0,0,0,68,14,192,2,80,12,29,48,147,2,148,4,156,8,158,10,157,12,2,184,12,31,192,2,80,14,0,211,212,220,222,221,0,0,0,72,0,0,0,244,0,0,0,28,2,0,0,32,12,0,0,0,68,14,96,88,12,29,96,147,2,148,4,149,6,150,8,151,10,152,12,153,14,154,16,155,18,156,20,158,22,157,24,10,3,180,4,12,31,96,88,14,0,211,212,213,214,215,216,217,218,219,220,222,221,68,11,0,0,0,0,0,0,0,0,95,36,3,213,31,32,3,213,64,123,2,16,133,3,0,20,95,36,3,213,192,3,95,214,95,36,3,213,253,255,255,23,95,36,3,213,96,0,0,180,240,3,0,170,0,2,31,214,192,3,95,214,95,36,3,213,225,3,0,170,31,32,3,213,0,255,255,16,31,32,3,213,66,121,2,16,121,3,0,20,95,36,3,213,31,32,3,213,195,120,2,16,121,3,0,20,253,123,190,169,243,11,0,249,253,3,0,145,0,0,0,144,0,228,38,145,161,63,128,82,118,3,0,148,0,0,0,144,0,192,36,145,1,0,0,144,33,40,53,145,117,3,0,148,83,0,0,208,96,162,0,249,32,1,0,180,227,3,0,170,0,0,0,144,0,40,52,145,161,3,128,82,34,0,128,82,112,3,0,148,96,162,64,249,114,3,0,148,31,32,3,213,193,233,255,16,12,0,0,148,2,0,0,176,66,16,4,145,160,99,0,145,225,3,31,170,227,3,31,170,109,3,0,148,160,15,64,249,111,3,0,148,243,11,64,249,253,123,194,168,192,3,95,214,255,3,5,209,253,123,17,169,252,147,0,249,244,79,19,169,253,67,4,145,233,3,2,145,168,195,0,145,234,3,0,145,41,193,0,145,243,3,1,170,224,7,0,173,168,39,62,169,233,5,128,146,72,1,2,145,9,240,223,242,160,3,222,60,226,15,8,169,168,39,63,169,225,255,255,240,33,48,53,145,161,3,223,60,163,131,1,209,128,0,128,82,226,3,19,170,228,23,9,169,230,31,10,169,226,15,1,173,228,23,2,173,230,31,3,173,160,7,61,173,160,7,62,173,80,3,0,148,64,0,0,176,0,32,5,145,81,3,0,148,84,0,0,176,128,162,64,249,96,1,0,180,160,7,126,173,162,131,1,209,225,3,19,170,160,7,61,173,77,3,0,148,129,162,64,249,64,1,128,82,78,3,0,148,128,162,64,249,52,3,0,148,64,0,0,176,0,32,5,145,77,3,0,148,244,79,83,169,252,147,64,249,253,123,81,169,255,3,5,145,192,3,95,214,253,123,186,169,252,111,1,169,250,103,2,169,248,95,3,169,246,87,4,169,244,79,5,169,253,3,0,145,255,131,9,209,32,3,128,82,66,3,0,148,225,255,255,240,33,108,53,145,188,255,255,151,224,255,255,240,0,116,48,145,65,0,128,82,63,3,0,148,88,0,0,176,0,187,0,249,0,8,0,180,225,255,255,240,33,188,47,145,61,3,0,148,8,187,64,249,91,0,0,176,225,255,255,240,33,132,37,145,96,191,0,249,224,3,8,170,54,3,0,148,8,187,64,249,85,0,0,176,225,255,255,240,33,80,40,145,160,194,0,249,224,3,8,170,47,3,0,148,8,187,64,249,89,0,0,176,225,255,255,240,33,212,46,145,32,199,0,249,224,3,8,170,40,3,0,148,104,191,64,249,90,0,0,176,64,203,0,249,232,4,0,180,192,4,0,180,225,255,255,240,33,184,40,145,149,255,255,151,104,191,64,249,0,1,63,214,96,4,0,180,168,194,64,249,225,99,1,145,255,47,0,249,0,1,63,214,232,47,64,249,168,3,0,180,244,3,0,170,247,3,31,170,245,255,255,240,181,78,40,145,246,255,255,240,214,6,48,145,5,0,0,20,232,47,64,249,247,6,0,145,255,2,8,235,130,2,0,84,40,199,64,249,128,122,119,248,0,1,63,214,32,255,255,180,72,203,64,249,225,3,21,170,226,3,22,170,0,1,63,214,128,254,255,180,243,3,0,170,10,0,0,20,225,255,255,240,33,56,38,145,220,0,0,20,225,255,255,240,33,244,44,145,217,0,0,20,243,3,31,170,3,0,0,20,243,3,31,170,85,0,0,176,104,191,64,249,0,1,63,214,128,3,0,180,168,194,64,249,225,99,1,145,255,47,0,249,0,1,63,214,232,47,64,249,104,3,0,180,244,3,0,170,247,3,31,170,245,255,255,240,181,78,40,145,246,255,255,240,214,238,39,145,5,0,0,20,232,47,64,249,247,6,0,145,255,2,8,235,162,1,0,84,40,199,64,249,128,122,119,248,0,1,63,214,32,255,255,180,72,203,64,249,225,3,21,170,226,3,22,170,0,1,63,214,128,254,255,180,4,0,0,20,255,35,0,249,6,0,0,20,224,3,31,170,85,0,0,176,2,0,0,20,224,3,31,170,224,35,0,249,104,191,64,249,0,1,63,214,128,3,0,180,168,194,64,249,225,99,1,145,255,47,0,249,0,1,63,214,232,47,64,249,104,3,0,180,244,3,0,170,252,3,31,170,245,255,255,240,181,78,40,145,246,255,255,240,214,110,41,145,5,0,0,20,232,47,64,249,156,7,0,145,159,3,8,235,162,1,0,84,40,199,64,249,128,122,124,248,0,1,63,214,32,255,255,180,72,203,64,249,225,3,21,170,226,3,22,170,0,1,63,214,128,254,255,180,4,0,0,20,252,3,31,170,6,0,0,20,224,3,31,170,85,0,0,176,2,0,0,20,224,3,31,170,252,3,0,170,104,191,64,249,0,1,63,214,0,4,0,180,168,194,64,249,225,99,1,145,255,47,0,249,0,1,63,214,232,47,64,249,40,3,0,180,244,3,0,170,247,3,31,170,245,255,255,240,181,78,40,145,246,255,255,240,214,86,50,145,5,0,0,20,232,47,64,249)
    fun part3(): ByteArray = byteArrayOf(247,6,0,145,255,2,8,235,98,1,0,84,40,199,64,249,128,122,119,248,0,1,63,214,32,255,255,180,72,203,64,249,225,3,21,170,226,3,22,170,0,1,63,214,128,254,255,180,2,0,0,20,224,3,31,170,85,0,0,176,2,0,0,20,224,3,31,170,227,35,64,249,225,255,255,240,33,156,41,145,226,3,19,170,228,3,28,170,229,3,0,170,247,3,0,170,248,254,255,151,104,191,64,249,0,1,63,214,32,11,0,180,168,194,64,249,225,99,1,145,255,47,0,249,0,1,63,214,232,47,64,249,104,10,0,180,244,3,0,170,251,3,31,170,245,255,255,240,181,78,40,145,246,255,255,240,214,62,41,145,5,0,0,20,232,47,64,249,123,7,0,145,127,3,8,235,2,9,0,84,40,199,64,249,128,122,123,248,0,1,63,214,32,255,255,180,72,203,64,249,225,3,21,170,226,3,22,170,0,1,63,214,128,254,255,180,245,3,0,170,0,187,64,249,225,255,255,240,33,16,42,145,97,2,0,148,32,7,0,180,232,3,0,170,225,255,255,240,33,28,40,145,224,3,21,170,0,1,63,214,96,6,0,180,244,3,0,170,0,187,64,249,225,255,255,240,33,200,53,145,85,2,0,148,160,5,0,180,232,3,0,170,224,3,21,170,0,1,63,214,8,187,64,249,245,3,0,170,225,255,255,240,33,24,45,145,224,3,8,170,75,2,0,148,213,0,0,180,232,3,0,170,128,0,0,180,224,3,20,170,0,1,63,214,3,0,0,20,181,3,0,180,224,3,31,170,180,106,96,248,84,3,0,180,252,167,89,178,251,99,89,178,225,255,255,240,33,132,50,145,226,3,20,170,28,0,128,242,155,4,128,242,174,254,255,151,225,255,255,240,33,40,39,145,171,254,255,151,136,2,27,139,244,19,0,249,8,145,0,145,31,1,28,235,163,26,0,84,232,19,64,249,8,37,64,249,72,26,0,180,105,3,8,139,42,81,0,209,95,1,28,235,66,2,0,84,244,3,31,170,17,0,0,20,225,255,255,240,33,96,37,145,154,254,255,151,225,255,255,240,33,104,38,145,151,254,255,151,224,3,31,170,255,131,9,145,244,79,69,169,246,87,68,169,248,95,67,169,250,103,66,169,252,111,65,169,253,123,198,168,192,3,95,214,20,9,64,249,41,49,0,209,63,1,28,235,98,0,0,84,245,3,31,42,5,0,0,20,8,25,64,185,9,125,4,83,63,197,9,113,21,49,159,26,191,66,0,113,8,2,128,82,225,255,255,240,33,52,51,145,184,50,136,26,226,3,24,42,125,254,255,151,116,21,0,180,85,21,0,52,246,3,31,170,248,15,0,249,8,0,0,20,225,255,255,240,33,148,42,145,117,254,255,151,214,6,0,145,148,34,0,145,31,3,22,235,0,20,0,84,104,3,20,139,8,17,0,209,31,1,28,235,35,255,255,84,154,18,64,249,250,254,255,180,104,3,26,139,137,19,0,145,10,241,3,145,234,23,0,249,95,1,9,235,42,44,143,82,202,255,191,114,234,67,0,185,163,0,0,84,74,31,65,185,75,35,65,185,106,1,10,74,234,67,0,185,8,81,4,145,232,27,0,249,31,1,9,235,40,44,143,82,200,255,191,114,232,63,0,185,163,0,0,84,72,55,65,185,73,59,65,185,40,1,8,74,232,63,0,185,104,3,26,139,137,19,0,145,10,97,7,145,95,1,9,235,42,44,143,82,202,255,191,114,234,59,0,185,163,0,0,84,74,251,65,185,75,255,65,185,106,1,10,74,234,59,0,185,8,241,7,145,56,44,143,82,31,1,9,235,216,255,191,114,131,0,0,84,72,31,66,185,73,35,66,185,56,1,8,74,104,3,26,139,137,19,0,145,57,44,143,82,10,49,8,145,217,255,191,114,95,1,9,235,131,0,0,84,74,47,66,185,75,51,66,185,121,1,10,74,8,113,8,145,53,44,143,82,31,1,9,235,213,255,191,114,131,0,0,84,72,63,66,185,73,67,66,185,53,1,8,74,225,255,255,240,33,172,38,145,226,3,22,42,227,3,26,170,40,254,255,151,227,139,71,41,228,59,64,185,225,255,255,240,33,168,48,145,35,254,255,151,225,255,255,240,33,48,47,145,226,3,24,42,227,3,25,42,228,3,21,42,29,254,255,151,104,3,26,139,8,225,3,145,31,1,28,235,98,0,0,84,226,3,31,42,2,0,0,20,66,31,65,185,232,23,64,249,31,1,28,235,98,0,0,84,227,3,31,42,2,0,0,20,67,35,65,185,104,3,26,139,8,65,4,145,31,1,28,235,98,0,0,84,228,3,31,42,2,0,0,20,68,55,65,185,232,27,64,249,31,1,28,235,98,0,0,84,229,3,31,42,2,0,0,20,69,59,65,185,225,255,255,240,33,124,51,145,0,254,255,151,233,163,71,41,31,17,2,113,136,16,128,82,36,17,72,122,233,59,64,185,36,17,72,122,4,19,72,122,36,19,72,122,250,23,159,26,96,0,0,84,191,18,2,113,129,0,0,84,225,255,255,240,33,212,40,145,241,253,255,151,232,67,64,185,31,37,0,113,160,1,0,84,232,63,64,185,31,37,0,113,64,1,0,84,232,59,64,185,31,37,0,113,224,0,0,84,31,39,0,113,160,0,0,84,63,39,0,113,96,0,0,84,191,38,0,113,129,0,0,84,225,255,255,240,33,52,49,145,223,253,255,151,232,167,71,41,63,37,0,113,164,26,73,122,4,25,73,122,232,59,64,185,4,25,73,122,4,27,73,122,248,15,64,249,72,23,159,26,200,235,7,55,63,39,0,113,225,235,255,84,91,255,255,23,225,255,255,240,33,72,43,145,207,253,255,151,233,19,64,249,104,3,9,139,8,113,1,145,31,1,28,235,67,20,0,84,40,65,64,249,8,20,0,180,105,3,8,139,42,81,0,209,95,1,28,235,98,0,0,84,248,3,31,170,2,0,0,20,24,9,64,249,41,49,0,209,63,1,28,235,98,0,0,84,245,3,31,42,5,0,0,20,8,25,64,185,9,125,4,83,63,197,9,113,21,49,159,26,191,202,0,113,72,6,128,82,225,255,255,240,33,52,48,145,180,50,136,26,226,3,20,42,177,253,255,151,24,17,0,180,245,16,0,52,236,3,20,170,232,3,23,170,245,3,31,170,235,99,89,178,244,35,0,249,11,0,0,20,225,255,255,240,33,140,44,145,166,253,255,151,236,35,64,249,235,99,89,178,232,3,23,170,181,6,0,145,24,35,0,145,159,1,21,235,224,14,0,84,105,3,24,139,41,17,0,209,63,1,28,235,35,255,255,84,9,19,64,249,106,3,9,139,74,81,0,209,95,1,28,235,131,254,255,84,35,9,64,249,105,0,11,139,63,1,28,235,3,254,255,84,105,0,64,249,31,1,9,235,161,253,255,84,104,3,3,139,137,19,0,145,58,44,143,82,10,241,3,145,54,44,143,82,57,44,143,82,95,1,9,235,42,44,143,82,52,44,143,82,43,44,143,82,202,255,191,114,218,255,191,114,214,255,191,114,217,255,191,114,212,255,191,114,203,255,191,114,67,4,0,84,106,28,65,185,107,32,65,185,8,81,4,145,31,1,9,235,118,1,10,74,3,3,0,84,105,52,65,185,104,3,3,139,106,56,65,185,11,97,7,145,136,19,0,145,127,1,8,235,89,1,9,74,3,2,0,84,105,240,7,145,106,248,65,185,107,252,65,185,41,1,27,139,63,1,8,235,122,1,10,74,35,1,0,84,106,28,66,185,104,3,3,139,107,32,66,185,12,49,8,145,137,19,0,145,159,1,9,235,116,1,10,74,162,5,0,84,42,44,143,82,43,44,143,82,202,255,191,114,203,255,191,114,225,255,255,240,33,120,45,145,226,3,21,42,228,3,22,42,229,3,25,42,230,3,26,42,231,3,20,42,235,43,7,41,235,11,0,185,234,3,0,185,82,253,255,151,234,39,71,41,236,35,64,249,235,99,89,178,95,37,0,113,160,244,255,84,63,37,0,113,96,244,255,84,159,38,0,113,32,244,255,84,95,39,0,113,224,243,255,84,63,39,0,113,160,243,255,84,223,38,0,113,96,243,255,84,95,17,2,113,32,243,255,84,63,17,2,113,224,242,255,84,159,18,2,113,160,242,255,84,95,19,2,113,96,242,255,84,223,18,2,113,32,242,255,84,232,3,23,170,63,19,2,113,129,242,255,84,141,255,255,23,106,44,66,185,107,48,66,185,8,113,8,145,31,1,9,235,106,1,10,74,98,0,0,84,43,44,143,82,208,255,255,23,104,60,66,185,105,64,66,185,43,1,8,74,205,255,255,23,225,255,255,240,33,168,50,145,38,253,255,151,224,255,255,240,0,248,37,145,225,255,255,240,33,144,49,145,124,0,0,148,0,11,0,180,244,3,0,170,224,99,1,145,1,64,128,82,226,3,20,170,170,0,0,148,248,3,31,42,192,9,0,180,245,255,255,240,181,214,44,145,246,255,255,240,214,42,51,145,247,255,255,240,247,154,49,145,224,99,1,145,226,67,1,145,227,35,1,145,225,3,21,170,161,0,0,148,31,8,0,113,65,7,0,84,224,99,1,145,225,3,22,170,160,0,0,148,192,6,0,180,232,231,68,169,9,33,1,209,63,3,9,235,66,6,0,84,250,3,24,42,7,0,0,20,248,3,26,42,57,35,0,145,9,33,1,209,250,3,24,42,63,3,9,235,66,5,0,84,41,3,27,139,41,145,0,209,63,1,28,235,227,254,255,84,41,3,64,249,127,2,9,235,129,254,255,84,40,3,27,139,137,19,0,145,36,44,143,82,10,65,0,209,196,255,191,114,95,1,9,235,99,0,0,84,42,47,66,41,100,1,10,74,37,44,143,82,31,1,9,235,197,255,191,114,99,0,0,84,40,39,68,41,37,1,8,74,40,3,27,139,137,19,0,145,38,44,143,82,8,65,0,145,198,255,191,114,31,1,9,235,99,0,0,84,40,39,70,41,38,1,8,74,88,7,0,17,225,3,23,170,227,3,25,170,226,3,24,42,216,252,255,151,95,139,1,113,108,0,0,84,232,39,64,249,212,255,255,23,152,12,128,82,224,99,1,145,1,64,128,82,226,3,20,170,94,0,0,148,96,0,0,180,31,147,1,113,75,247,255,84,224,3,20,170,101,0,0,148,2,0,0,20,248,3,31,42,225,255,255,240,33,0,44,145,226,3,24,42,196,252,255,151,225,255,255,240,33,56,44,145,42,254,255,23,0,0,0,0,0,0,0,0,0,0,0,0,240,123,191,169,48,0,0,176,17,74,64,249,16,66,2,145,32,2,31,214,31,32,3,213,31,32,3,213,31,32,3,213,48,0,0,176,17,78,64,249,16,98,2,145,32,2,31,214,48,0,0,176,17,82,64,249,16,130,2,145,32,2,31,214,48,0,0,176,17,86,64,249,16,162,2,145,32,2,31,214,48,0,0,176,17,90,64,249,16,194,2,145,32,2,31,214,48,0,0,176,17,94,64,249,16,226,2,145,32,2,31,214,48,0,0,176,17,98,64,249,16,2,3,145,32,2,31,214,48,0,0,176,17,102,64,249,16,34,3,145,32,2,31,214,48,0,0,176,17,106,64,249,16,66,3,145,32,2,31,214,48,0,0,176,17,110)
    fun part4(): ByteArray = byteArrayOf(64,249,16,98,3,145,32,2,31,214,48,0,0,176,17,114,64,249,16,130,3,145,32,2,31,214,48,0,0,176,17,118,64,249,16,162,3,145,32,2,31,214,48,0,0,176,17,122,64,249,16,194,3,145,32,2,31,214,48,0,0,176,17,126,64,249,16,226,3,145,32,2,31,214,48,0,0,176,17,130,64,249,16,2,4,145,32,2,31,214,48,0,0,176,17,134,64,249,16,34,4,145,32,2,31,214,48,0,0,176,17,138,64,249,16,66,4,145,32,2,31,214,48,0,0,176,17,142,64,249,16,98,4,145,32,2,31,214,48,0,0,176,17,146,64,249,16,130,4,145,32,2,31,214,48,0,0,176,17,150,64,249,16,162,4,145,32,2,31,214,48,0,0,176,17,154,64,249,16,194,4,145,32,2,31,214,48,0,0,176,17,158,64,249,16,226,4,145,32,2,31,214,0,0,0,0,0,0,0,0,0,0,0,0,0,0,0,0,0,0,0,0,0,0,0,0,0,0,0,0,0,0,0,0,29,0,0,0,0,0,0,0,8,1,0,0,0,0,0,0,1,0,0,0,0,0,0,0,225,0,0,0,0,0,0,0,1,0,0,0,0,0,0,0,58,1,0,0,0,0,0,0,1,0,0,0,0,0,0,0,242,0,0,0,0,0,0,0,1,0,0,0,0,0,0,0,0,1,0,0,0,0,0,0,30,0,0,0,0,0,0,0,8,0,0,0,0,0,0,0,251,255,255,111,0,0,0,0,1,0,0,0,0,0,0,0,7,0,0,0,0,0,0,0,216,6,0,0,0,0,0,0,8,0,0,0,0,0,0,0,96,0,0,0,0,0,0,0,9,0,0,0,0,0,0,0,24,0,0,0,0,0,0,0,249,255,255,111,0,0,0,0,4,0,0,0,0,0,0,0,23,0,0,0,0,0,0,0,56,7,0,0,0,0,0,0,2,0,0,0,0,0,0,0,248,1,0,0,0,0,0,0,3,0,0,0,0,0,0,0,128,96,0,0,0,0,0,0,20,0,0,0,0,0,0,0,7,0,0,0,0,0,0,0,6,0,0,0,0,0,0,0,208,2,0,0,0,0,0,0,11,0,0,0,0,0,0,0,24,0,0,0,0,0,0,0,5,0,0,0,0,0,0,0,140,5,0,0,0,0,0,0,10,0,0,0,0,0,0,0,72,1,0,0,0,0,0,0,245,254,255,111,0,0,0,0,112,5,0,0,0,0,0,0,25,0,0,0,0,0,0,0,184,94,0,0,0,0,0,0,27,0,0,0,0,0,0,0,8,0,0,0,0,0,0,0,26,0,0,0,0,0,0,0,168,94,0,0,0,0,0,0,28,0,0,0,0,0,0,0,16,0,0,0,0,0,0,0,240,255,255,111,0,0,0,0,224,4,0,0,0,0,0,0,254,255,255,111,0,0,0,0,12,5,0,0,0,0,0,0,255,255,255,111,0,0,0,0,3,0,0,0,0,0,0,0,0,0,0,0,0,0,0,0,0,0,0,0,0,0,0,0,0,0,0,0,0,0,0,0,0,0,0,0,0,0,0,0,0,0,0,0,0,0,0,0,48,29,0,0,0,0,0,0,48,29,0,0,0,0,0,0,48,29,0,0,0,0,0,0,48,29,0,0,0,0,0,0,48,29,0,0,0,0,0,0,48,29,0,0,0,0,0,0,48,29,0,0,0,0,0,0,48,29,0,0,0,0,0,0,48,29,0,0,0,0,0,0,48,29,0,0,0,0,0,0,48,29,0,0,0,0,0,0,48,29,0,0,0,0,0,0,48,29,0,0,0,0,0,0,48,29,0,0,0,0,0,0,48,29,0,0,0,0,0,0,48,29,0,0,0,0,0,0,48,29,0,0,0,0,0,0,48,29,0,0,0,0,0,0,48,29,0,0,0,0,0,0,48,29,0,0,0,0,0,0,48,29,0,0,0,0,0,0,65,110,100,114,111,105,100,32,40,49,51,57,56,57,56,56,56,44,32,43,112,103,111,44,32,43,98,111,108,116,44,32,43,108,116,111,44,32,43,109,108,103,111,44,32,98,97,115,101,100,32,111,110,32,114,53,54,51,56,56,48,99,41,32,99,108,97,110,103,32,118,101,114,115,105,111,110,32,50,49,46,48,46,48,32,40,104,116,116,112,115,58,47,47,97,110,100,114,111,105,100,46,103,111,111,103,108,101,115,111,117,114,99,101,46,99,111,109,47,116,111,111,108,99,104,97,105,110,47,108,108,118,109,45,112,114,111,106,101,99,116,32,53,101,57,54,54,54,57,102,48,54,48,55,55,48,57,57,97,97,52,49,50,57,48,99,100,98,52,99,53,101,54,102,97,48,102,53,57,51,52,57,41,0,0,76,105,110,107,101,114,58,32,76,76,68,32,50,49,46,49,46,56,0,99,108,97,110,103,32,118,101,114,115,105,111,110,32,50,49,46,49,46,56,0,0,0,0,0,0,0,0,0,0,0,0,0,0,0,0,0,0,0,0,0,0,0,0,0,0,0,0,0,0,0,0,1,0,0,0,4,0,241,255,0,0,0,0,0,0,0,0,0,0,0,0,0,0,0,0,15,0,0,0,2,0,12,0,48,15,0,0,0,0,0,0,16,0,0,0,0,0,0,0,28,0,0,0,0,0,12,0,48,15,0,0,0,0,0,0,0,0,0,0,0,0,0,0,31,0,0,0,2,0,12,0,72,15,0,0,0,0,0,0,8,0,0,0,0,0,0,0,49,0,0,0,0,0,14,0,160,94,0,0,0,0,0,0,0,0,0,0,0,0,0,0,52,0,0,0,0,0,15,0,168,94,0,0,0,0,0,0,0,0,0,0,0,0,0,0,55,0,0,0,0,0,15,0,176,94,0,0,0,0,0,0,0,0,0,0,0,0,0,0,58,0,0,0,0,0,21,0,184,0,0,0,0,0,0,0,0,0,0,0,0,0,0,0,61,0,0,0,0,0,11,0,240,13,0,0,0,0,0,0,0,0,0,0,0,0,0,0,64,0,0,0,1,0,1,0,56,2,0,0,0,0,0,0,152,0,0,0,0,0,0,0,83,0,0,0,0,0,1,0,56,2,0,0,0,0,0,0,0,0,0,0,0,0,0,0,86,0,0,0,0,0,1,0,76,2,0,0,0,0,0,0,0,0,0,0,0,0,0,0,96,0,0,0,0,0,1,0,68,2,0,0,0,0,0,0,0,0,0,0,0,0,0,0,106,0,0,0,0,0,1,0,208,2,0,0,0,0,0,0,0,0,0,0,0,0,0,0,115,0,0,0,0,0,1,0,80,2,0,0,0,0,0,0,0,0,0,0,0,0,0,0,127,0,0,0,0,0,1,0,144,2,0,0,0,0,0,0,0,0,0,0,0,0,0,0,49,1,0,0,1,2,14,0,160,94,0,0,0,0,0,0,8,0,0,0,0,0,0,0,77,1,0,0,2,2,12,0,64,15,0,0,0,0,0,0,8,0,0,0,0,0,0,0,101,1,0,0,2,2,12,0,80,15,0,0,0,0,0,0,20,0,0,0,0,0,0,0,126,1,0,0,2,2,12,0,100,15,0,0,0,0,0,0,28,0,0,0,0,0,0,0,146,1,0,0,2,2,12,0,128,15,0,0,0,0,0,0,16,0,0,0,0,0,0,0,144,0,0,0,4,0,241,255,0,0,0,0,0,0,0,0,0,0,0,0,0,0,0,0,161,0,0,0,2,0,12,0,144,15,0,0,0,0,0,0,148,0,0,0,0,0,0,0,169,0,0,0,0,0,12,0,144,15,0,0,0,0,0,0,0,0,0,0,0,0,0,0,172,0,0,0,1,0,20,0,64,161,0,0,0,0,0,0,8,0,0,0,0,0,0,0,181,0,0,0,2,0,12,0,36,16,0,0,0,0,0,0,224,0,0,0,0,0,0,0,187,0,0,0,2,0,12,0,4,17,0,0,0,0,0,0,32,12,0,0,0,0,0,0,199,0,0,0,1,0,20,0,72,161,0,0,0,0,0,0,40,0,0,0,0,0,0,0,208,0,0,0,1,0,20,0,112,161,0,0,0,0,0,0,8,0,0,0,0,0,0,0,213,0,0,0,1,0,20,0,120,161,0,0,0,0,0,0,8,0,0,0,0,0,0,0,226,0,0,0,1,0,20,0,128,161,0,0,0,0,0,0,8,0,0,0,0,0,0,0,243,0,0,0,1,0,20,0,136,161,0,0,0,0,0,0,8,0,0,0,0,0,0,0,255,0,0,0,1,0,20,0,144,161,0,0,0,0,0,0,8,0,0,0,0,0,0,0,17,1,0,0,0,0,9,0,40,13,0,0,0,0,0,0,0,0,0,0,0,0,0,0,20,1,0,0,0,0,20,0,64,161,0,0,0,0,0,0,0,0,0,0,0,0,0,0,23,1,0,0,0,0,16,0,184,94,0,0,0,0,0,0,0,0,0,0,0,0,0,0,26,1,0,0,0,0,21,0,184,0,0,0,0,0,0,0,0,0,0,0,0,0,0,0,29,1,0,0,0,0,11,0,240,13,0,0,0,0,0,0,0,0,0,0,0,0,0,0,32,1,0,0,1,0,11,0,240,13,0,0,0,0,0,0,4,0,0,0,0,0,0,0,46,1,0,0,0,0,11,0,240,13,0,0,0,0,0,0,0,0,0,0,0,0,0,0,101,2,0,0,0,2,17,0,192,94,0,0,0,0,0,0,0,0,0,0,0,0,0,0,62,1,0,0,18,0,0,0,0,0,0,0,0,0,0,0,0,0,0,0,0,0,0,0,133,1,0,0,18,0,0,0,0,0,0,0,0,0,0,0,0,0,0,0,0,0,0,0,161,1,0,0,18,0,0,0,0,0,0,0,0,0,0,0,0,0,0,0,0,0,0,0,179,1,0,0,18,0,0,0,0,0,0,0,0,0,0,0,0,0,0,0,0,0,0,0,185,1,0,0,18,0,0,0,0,0,0,0,0,0,0,0,0,0,0,0,0,0,0,0,191,1,0,0,18,0,0,0,0,0,0,0,0,0,0,0,0,0,0,0,0,0,0,0,198,1,0,0,18,0,0,0,0,0,0,0,0,0,0,0,0,0,0,0,0,0,0,0,205,1,0,0,18,0,0,0,0,0,0,0,0,0,0,0,0,0,0,0,0,0,0,0,220,1,0,0,18,0,0,0,0,0,0,0,0,0,0,0,0,0,0,0,0,0,0,0,235,1,0,0,18,0,0,0,0,0,0,0,0,0,0,0,0,0,0,0,0,0,0,0,0,2,0,0,18,0,0,0,0,0,0,0,0,0,0,0,0,0,0,0,0,0,0,0,19,2,0,0,18,0,0,0,0,0,0,0,0,0,0,0,0,0,0,0,0,0,0,0,28,2,0,0,18,0,0,0,0,0,0,0,0,0,0,0,0,0,0,0,0,0,0,0,34,2,0,0,18,0,0,0,0,0,0,0,0,0,0,0,0,0,0,0,0,0,0,0,55,2,0,0,18,0,0,0,0,0,0,0,0,0,0,0,0,0,0,0,0,0,0,0,61,2,0,0,18,0,0,0,0,0,0,0,0,0,0,0,0,0,0,0,0,0,0,0,68,2,0,0,18,0,0,0,0,0,0,0,0,0,0,0,0,0,0,0,0,0,0,0,74,2,0,0,18,0,0,0,0,0,0,0,0,0,0,0,0,0,0,0,0,0,0,0)
    fun part5(): ByteArray = byteArrayOf(80,2,0,0,18,0,0,0,0,0,0,0,0,0,0,0,0,0,0,0,0,0,0,0,87,2,0,0,18,0,0,0,0,0,0,0,0,0,0,0,0,0,0,0,0,0,0,0,94,2,0,0,18,0,0,0,0,0,0,0,0,0,0,0,0,0,0,0,0,0,0,0,0,46,110,111,116,101,46,97,110,100,114,111,105,100,46,105,100,101,110,116,0,46,100,121,110,115,121,109,0,46,103,110,117,46,118,101,114,115,105,111,110,0,46,103,110,117,46,118,101,114,115,105,111,110,95,114,0,46,103,110,117,46,104,97,115,104,0,46,100,121,110,115,116,114,0,46,114,101,108,97,46,100,121,110,0,46,114,101,108,97,46,112,108,116,0,46,114,111,100,97,116,97,0,46,101,104,95,102,114,97,109,101,95,104,100,114,0,46,101,104,95,102,114,97,109,101,0,46,116,101,120,116,0,46,112,108,116,0,46,100,97,116,97,46,114,101,108,46,114,111,0,46,102,105,110,105,95,97,114,114,97,121,0,46,105,110,105,116,95,97,114,114,97,121,0,46,100,121,110,97,109,105,99,0,46,103,111,116,46,112,108,116,0,46,114,101,108,114,111,95,112,97,100,100,105,110,103,0,46,98,115,115,0,46,99,111,109,109,101,110,116,0,46,115,121,109,116,97,98,0,46,115,104,115,116,114,116,97,98,0,46,115,116,114,116,97,98,0,0,99,114,116,98,101,103,105,110,95,115,111,46,99,0,95,95,111,110,95,100,108,99,108,111,115,101,0,36,120,0,95,95,111,110,95,100,108,99,108,111,115,101,95,108,97,116,101,0,36,100,0,36,100,0,36,100,0,36,100,0,36,100,0,110,111,116,101,95,97,110,100,114,111,105,100,95,105,100,101,110,116,0,36,100,0,110,111,116,101,95,100,97,116,97,0,110,111,116,101,95,110,97,109,101,0,110,111,116,101,95,101,110,100,0,110,100,107,95,118,101,114,115,105,111,110,0,110,100,107,95,98,117,105,108,100,95,110,117,109,98,101,114,0,115,104,97,100,111,119,104,97,114,100,99,111,100,101,46,99,0,111,110,95,108,111,97,100,0,36,120,0,103,95,104,99,95,108,111,103,0,104,99,108,111,103,0,115,99,97,110,95,116,104,114,101,97,100,0,103,95,104,99,108,111,99,107,0,104,108,105,98,0,112,95,100,111,109,97,105,110,95,103,101,116,0,112,95,103,101,116,95,97,115,115,101,109,98,108,105,101,115,0,112,95,103,101,116,95,105,109,97,103,101,0,112,95,99,108,97,115,115,95,102,114,111,109,95,110,97,109,101,0,36,100,0,36,100,0,36,100,0,36,100,0,36,100,0,95,95,70,82,65,77,69,95,69,78,68,95,95,0,36,100,0,95,95,100,115,111,95,104,97,110,100,108,101,0,95,95,99,120,97,95,102,105,110,97,108,105,122,101,0,95,95,101,109,117,116,108,115,95,117,110,114,101,103,105,115,116,101,114,95,107,101,121,0,95,95,97,116,101,120,105,116,95,104,97,110,100,108,101,114,95,119,114,97,112,112,101,114,0,97,116,101,120,105,116,0,95,95,99,120,97,95,97,116,101,120,105,116,0,112,116,104,114,101,97,100,95,97,116,102,111,114,107,0,95,95,114,101,103,105,115,116,101,114,95,97,116,102,111,114,107,0,109,107,100,105,114,0,102,111,112,101,110,0,102,119,114,105,116,101,0,102,102,108,117,115,104,0,112,116,104,114,101,97,100,95,99,114,101,97,116,101,0,112,116,104,114,101,97,100,95,100,101,116,97,99,104,0,95,95,97,110,100,114,111,105,100,95,108,111,103,95,118,112,114,105,110,116,0,112,116,104,114,101,97,100,95,109,117,116,101,120,95,108,111,99,107,0,118,102,112,114,105,110,116,102,0,102,112,117,116,99,0,112,116,104,114,101,97,100,95,109,117,116,101,120,95,117,110,108,111,99,107,0,115,108,101,101,112,0,100,108,111,112,101,110,0,100,108,115,121,109,0,102,103,101,116,115,0,115,115,99,97,110,102,0,115,116,114,115,116,114,0,102,99,108,111,115,101,0,95,68,89,78,65,77,73,67,0,0,0,0,0,0,0,0,0,0,0,0,0,0,0,0,0,0,0,0,0,0,0,0,0,0,0,0,0,0,0,0,0,0,0,0,0,0,0,0,0,0,0,0,0,0,0,0,0,0,0,0,0,0,0,0,0,0,0,0,0,0,0,0,0,0,0,1,0,0,0,7,0,0,0,2,0,0,0,0,0,0,0,56,2,0,0,0,0,0,0,56,2,0,0,0,0,0,0,152,0,0,0,0,0,0,0,0,0,0,0,0,0,0,0,4,0,0,0,0,0,0,0,0,0,0,0,0,0,0,0,21,0,0,0,11,0,0,0,2,0,0,0,0,0,0,0,208,2,0,0,0,0,0,0,208,2,0,0,0,0,0,0,16,2,0,0,0,0,0,0,6,0,0,0,1,0,0,0,8,0,0,0,0,0,0,0,24,0,0,0,0,0,0,0,29,0,0,0,255,255,255,111,2,0,0,0,0,0,0,0,224,4,0,0,0,0,0,0,224,4,0,0,0,0,0,0,44,0,0,0,0,0,0,0,2,0,0,0,0,0,0,0,2,0,0,0,0,0,0,0,2,0,0,0,0,0,0,0,42,0,0,0,254,255,255,111,2,0,0,0,0,0,0,0,12,5,0,0,0,0,0,0,12,5,0,0,0,0,0,0,96,0,0,0,0,0,0,0,6,0,0,0,3,0,0,0,4,0,0,0,0,0,0,0,0,0,0,0,0,0,0,0,57,0,0,0,246,255,255,111,2,0,0,0,0,0,0,0,112,5,0,0,0,0,0,0,112,5,0,0,0,0,0,0,28,0,0,0,0,0,0,0,2,0,0,0,0,0,0,0,8,0,0,0,0,0,0,0,0,0,0,0,0,0,0,0,67,0,0,0,3,0,0,0,2,0,0,0,0,0,0,0,140,5,0,0,0,0,0,0,140,5,0,0,0,0,0,0,72,1,0,0,0,0,0,0,0,0,0,0,0,0,0,0,1,0,0,0,0,0,0,0,0,0,0,0,0,0,0,0,75,0,0,0,4,0,0,0,2,0,0,0,0,0,0,0,216,6,0,0,0,0,0,0,216,6,0,0,0,0,0,0,96,0,0,0,0,0,0,0,2,0,0,0,0,0,0,0,8,0,0,0,0,0,0,0,24,0,0,0,0,0,0,0,85,0,0,0,4,0,0,0,66,0,0,0,0,0,0,0,56,7,0,0,0,0,0,0,56,7,0,0,0,0,0,0,248,1,0,0,0,0,0,0,2,0,0,0,18,0,0,0,8,0,0,0,0,0,0,0,24,0,0,0,0,0,0,0,95,0,0,0,1,0,0,0,50,0,0,0,0,0,0,0,48,9,0,0,0,0,0,0,48,9,0,0,0,0,0,0,101,4,0,0,0,0,0,0,0,0,0,0,0,0,0,0,1,0,0,0,0,0,0,0,1,0,0,0,0,0,0,0,103,0,0,0,1,0,0,0,2,0,0,0,0,0,0,0,152,13,0,0,0,0,0,0,152,13,0,0,0,0,0,0,84,0,0,0,0,0,0,0,0,0,0,0,0,0,0,0,4,0,0,0,0,0,0,0,0,0,0,0,0,0,0,0,117,0,0,0,1,0,0,0,2,0,0,0,0,0,0,0,240,13,0,0,0,0,0,0,240,13,0,0,0,0,0,0,64,1,0,0,0,0,0,0,0,0,0,0,0,0,0,0,8,0,0,0,0,0,0,0,0,0,0,0,0,0,0,0,127,0,0,0,1,0,0,0,6,0,0,0,0,0,0,0,48,15,0,0,0,0,0,0,48,15,0,0,0,0,0,0,244,13,0,0,0,0,0,0,0,0,0,0,0,0,0,0,4,0,0,0,0,0,0,0,0,0,0,0,0,0,0,0,133,0,0,0,1,0,0,0,6,0,0,32,0,0,0,0,48,29,0,0,0,0,0,0,48,29,0,0,0,0,0,0,112,1,0,0,0,0,0,0,0,0,0,0,0,0,0,0,16,0,0,0,0,0,0,0,0,0,0,0,0,0,0,0,138,0,0,0,1,0,0,0,3,0,0,0,0,0,0,0,160,94,0,0,0,0,0,0,160,30,0,0,0,0,0,0,8,0,0,0,0,0,0,0,0,0,0,0,0,0,0,0,8,0,0,0,0,0,0,0,0,0,0,0,0,0,0,0,151,0,0,0,15,0,0,0,3,0,0,0,0,0,0,0,168,94,0,0,0,0,0,0,168,30,0,0,0,0,0,0,16,0,0,0,0,0,0,0,0,0,0,0,0,0,0,0,8,0,0,0,0,0,0,0,0,0,0,0,0,0,0,0,163,0,0,0,14,0,0,0,3,0,0,0,0,0,0,0,184,94,0,0,0,0,0,0,184,30,0,0,0,0,0,0,8,0,0,0,0,0,0,0,0,0,0,0,0,0,0,0,8,0,0,0,0,0,0,0,0,0,0,0,0,0,0,0,175,0,0,0,6,0,0,0,3,0,0,0,0,0,0,0,192,94,0,0,0,0,0,0,192,30,0,0,0,0,0,0,192,1,0,0,0,0,0,0,6,0,0,0,0,0,0,0,8,0,0,0,0,0,0,0,16,0,0,0,0,0,0,0,184,0,0,0,1,0,0,0,3,0,0,0,0,0,0,0,128,96,0,0,0,0,0,0,128,32,0,0,0,0,0,0,192,0,0,0,0,0,0,0,0,0,0,0,0,0,0,0,8,0,0,0,0,0,0,0,0,0,0,0,0,0,0,0,193,0,0,0,8,0,0,0,3,0,0,0,0,0,0,0,64,97,0,0,0,0,0,0,64,33,0,0,0,0,0,0,192,14,0,0,0,0,0,0,0,0,0,0,0,0,0,0,1,0,0,0,0,0,0,0,0,0,0,0,0,0,0,0,208,0,0,0,8,0,0,0,3,0,0,0,0,0,0,0,64,161,0,0,0,0,0,0,64,33,0,0,0,0,0,0,88,0,0,0,0,0,0,0,0,0,0,0,0,0,0,0,8,0,0,0,0,0,0,0,0,0,0,0,0,0,0,0,213,0,0,0,1,0,0,0,48,0,0,0,0,0,0,0,0,0,0,0,0,0,0,0,64,33,0,0,0,0,0,0,225,0,0,0,0,0,0,0,0,0,0,0,0,0,0,0,1,0,0,0,0,0,0,0,1,0,0,0,0,0,0,0,222,0,0,0,2,0,0,0,0,0,0,0,0,0,0,0,0,0,0,0,0,0,0,0,40,34,0,0,0,0,0,0,232,5,0,0,0,0,0,0,24,0,0,0,42,0,0,0,8,0,0,0,0,0,0,0,24,0,0,0,0,0,0,0,230,0,0,0,3,0,0,0,0,0,0,0,0,0,0,0,0,0,0,0,0,0,0,0,16,40,0,0,0,0,0,0,248,0,0,0,0,0,0,0,0,0,0,0,0,0,0,0,1,0,0,0,0,0,0,0,0,0,0,0,0,0,0,0,240,0,0,0,3,0,0,0,0,0,0,0,0,0,0,0,0,0,0,0,0,0,0,0,8,41,0,0,0,0,0,0,110,2,0,0,0,0,0,0,0,0,0,0,0,0,0,0,1,0,0,0,0,0,0,0,0,0,0,0,0,0,0,0)
}
